0.996927,0.989128
0.989113,0.992548
0.993362,0.995723
0.991463,0.98985
0.9954,0.996982
0.995397,0.994466
0.994063,0.992146
0.991166,0.995861
0.998824,0.993628
0.991293,0.994794
0.997588,0.991963
0.998686,0.997657
0.99869,0.995873
0.994865,0.994847
0.998222,0.995608
0.989555,0.992516
0.995548,0.994361
0.993787,0.996587
0.994682,0.998036
0.990737,0.989801
0.993459,0.99052
0.998389,0.995974
0.993765,0.995342
0.991577,0.993698
0.990061,0.989608
0.992386,0.994102
0.994224,0.99693
0.993304,0.989833
0.991135,0.996227
0.994788,0.98953
0.995232,0.992615
0.989465,0.997933
0.996786,0.998809
0.995611,0.998312
0.994559,0.994754
0.997179,0.995217
0.998482,0.990755
0.99122,0.99763
0.995663,0.995304
0.995332,0.993747
0.997217,0.993243
0.994361,0.996107
0.998039,0.995841
0.991439,0.990298
0.989401,0.991329
0.991869,0.996303
0.992154,0.995901
0.998627,0.998541
0.994706,0.994166
0.997724,0.995642
0.995776,0.991177
0.994796,0.998831
0.990662,0.997604
0.992747,0.989353
0.996886,0.992761
0.996893,0.998731
0.992462,0.995685
0.997079,0.990417
0.991407,0.998423
0.995162,0.99048
0.990145,0.994524
0.996056,0.998756
0.992519,0.990567
0.996231,0.990959
0.998184,0.992524
0.99592,0.995671
0.989405,0.990673
0.990396,0.996091
0.995391,0.995181
0.990564,0.995161
0.993816,0.997498
0.989967,0.993143
0.99784,0.991194
0.989882,0.998219
0.992327,0.996028
0.989377,0.996355
0.995423,0.989629
0.9902,0.992967
0.993909,0.99415
0.994706,0.99729
0.996389,0.998491
0.998978,0.993457
0.997776,0.998277
0.993029,0.996519
0.994473,0.991926
0.989929,0.994854
0.997778,0.991133
0.996708,0.993066
0.990925,0.995221
0.993683,0.994131
0.99288,0.991679
0.989075,0.990219
0.994725,0.989571
0.996936,0.992752
0.989302,0.995996
0.99389,0.996292
0.996736,0.993469
0.989473,0.997659
0.996535,0.992591
0.992946,0.997968
0.998237,0.99082
0.992728,0.991244
0.989584,0.993897
0.995484,0.998007
0.995916,0.992203
0.998953,0.99626
0.989329,0.997889
0.993968,0.992278
0.997528,0.994857
0.994718,0.994422
0.991351,0.989203
0.998038,0.998206
0.995137,0.992366
0.988897,0.989278
0.991529,0.996218
0.988897,0.997912
0.994631,0.995904
0.994743,0.994752
0.989473,0.992819
0.998747,0.99062
0.998092,0.991006
0.990821,0.990837
0.992897,0.9905
0.989201,0.997035
0.994784,0.989254
0.989931,0.99549
0.990656,0.992848
0.990515,0.990844
0.990273,0.996975
0.991247,0.99881
0.996235,0.995037
0.991631,0.994989
0.993104,0.989864
0.994346,0.997236
0.991362,0.998567
0.992584,0.994222
0.99077,0.990008
0.994758,0.993731
0.997742,0.998945
0.996043,0.996772
0.997556,0.990675
0.9954,0.991771
0.997523,0.994786
0.996403,0.994091
0.992707,0.995051
0.991596,0.99111
0.997447,0.991448
0.996832,0.993113
0.989577,0.996461
0.997686,0.992827
0.989503,0.996468
0.997674,0.996084
0.989313,0.98976
0.994092,0.993232
0.997679,0.991054
0.997202,0.992903
0.993597,0.991349
0.989267,0.994115
0.995882,0.991572
0.989302,0.997301
0.995853,0.998962
0.992215,0.998001
0.994693,0.988899
0.998595,0.997938
0.989664,0.998743
0.995611,0.989812
0.992059,0.995617
0.989885,0.998755
0.99194,0.99715
0.996363,0.991899
0.995414,0.997383
0.994978,0.989589
0.98933,0.98975
0.998381,0.996685
0.990853,0.995786
0.997152,0.992592
0.992199,0.997215
0.998919,0.993053
0.997275,0.996798
0.992989,0.998159
0.994758,0.993957
0.994315,0.992899
0.992494,0.991153
0.990989,0.990918
0.995819,0.99329
0.99353,0.990854
0.989874,0.995129
0.992202,0.998255
0.992197,0.993357
0.995627,0.996491
0.994474,0.996912
0.989583,0.990672
0.998289,0.995468
0.992877,0.988903
0.995973,0.992966
0.989303,0.991963
0.992066,0.989544
0.99015,0.99783
0.997883,0.991404
0.997937,0.997149
0.991091,0.991347
0.989341,0.990356
0.990425,0.990232
0.992343,0.993393
0.99629,0.994671
0.989022,0.996443
0.993345,0.998014
0.994761,0.995308
0.994097,0.99032
0.994489,0.994461
0.993039,0.998664
0.997897,0.995719
0.990907,0.994639
0.990984,0.991031
0.990182,0.994626
0.994095,0.99063
0.991473,0.992727
0.991122,0.989867
0.994055,0.994545
0.995861,0.995948
0.995955,0.997779
0.990232,0.991485
0.998639,0.990546
0.988981,0.997773
0.992634,0.989458
0.993282,0.995762
0.989893,0.990843
0.992657,0.998832
0.993646,0.998672
0.995818,0.990624
0.994928,0.991796
0.993035,0.997542
0.99743,0.998838
0.990034,0.997949
0.998978,0.989524
0.995021,0.993458
0.998048,0.992812
0.992504,0.998135
0.996798,0.993426
0.997775,0.994464
0.990048,0.990505
0.990627,0.998132
0.988977,0.997644
0.998311,0.99212
0.994232,0.997297
0.994353,0.989092
0.996676,0.996575
0.992599,0.991266
0.990222,0.9891
0.991241,0.995685
0.991366,0.993851
0.995574,0.994522
0.996857,0.990669
0.991638,0.994859
0.992197,0.997006
0.9932,0.998281
0.990668,0.989545
0.997224,0.99649
0.993571,0.993087
0.989037,0.99223
0.992174,0.992152
0.990068,0.99309
0.991185,0.997144
0.993695,0.99548
0.994472,0.992887
0.992178,0.99638
0.99641,0.996591
0.994476,0.995622
0.998012,0.99434
0.993426,0.993695
0.990561,0.997701
0.989104,0.996892
0.989662,0.992698
0.990122,0.995819
0.991282,0.993515
0.989755,0.990027
0.993427,0.996384
0.990589,0.996125
0.989011,0.989844
0.997415,0.992717
0.989267,0.990974
0.989328,0.995253
0.996096,0.995871
0.990616,0.998218
0.9947,0.992797
0.99766,0.989555
0.990192,0.995675
0.996415,0.989719
0.998996,0.990138
0.989409,0.996487
0.996173,0.997222
0.998342,0.997211
0.997138,0.994984
0.992933,0.998388
0.997401,0.998338
0.99341,0.99704
0.991153,0.992121
0.990906,0.997295
0.996421,0.99729
0.994032,0.991556
0.998163,0.989505
0.998736,0.989591
0.990172,0.996435
0.990969,0.990337
0.989693,0.989137
0.995687,0.995514
0.99398,0.994504
0.99879,0.989025
0.996741,0.997989
0.989952,0.993712
0.994452,0.990594
0.996883,0.996822
0.997722,0.990563
0.994374,0.989654
0.992814,0.991773
0.990651,0.989869
0.992,0.991749
0.99108,0.991134
0.998182,0.991712
0.990913,0.993933
0.993396,0.99873
0.996426,0.996162
0.998294,0.998756
0.990112,0.99252
0.990358,0.992987
0.997264,0.996341
0.988941,0.994114
0.990499,0.994867
0.99051,0.998638
0.998138,0.996718
0.998245,0.991008
0.991602,0.989893
0.989038,0.989119
0.991074,0.99585
0.991575,0.998916
0.991411,0.998479
0.998726,0.989646
0.993254,0.989261
0.989398,0.997637
0.996203,0.996408
0.988943,0.998133
0.990635,0.997282
0.991351,0.99661
0.995651,0.991336
0.992648,0.998353
0.990036,0.989907
0.989893,0.99022
0.990999,0.990126
0.99835,0.994558
0.994636,0.998629
0.991169,0.994256
0.99431,0.997255
0.996257,0.994367
0.988981,0.995745
0.997148,0.989116
0.990208,0.995003
0.993147,0.995359
0.989789,0.99252
0.997475,0.989117
0.997243,0.993547
0.991537,0.991057
0.998619,0.99607
0.996554,0.996875
0.995963,0.996316
0.996168,0.99769
0.993789,0.992523
0.996661,0.993088
0.991904,0.992004
0.98962,0.994051
0.997817,0.990231
0.991022,0.990774
0.998448,0.990482
0.992958,0.991149
0.992926,0.99134
0.991872,0.993702
0.992703,0.992271
0.9929,0.997341
0.995279,0.989691
0.997033,0.996387
0.98891,0.995014
0.992005,0.997094
0.996094,0.993629
0.991206,0.989659
0.992965,0.995631
0.99168,0.992058
0.993263,0.994154
0.996136,0.998167
0.99036,0.993276
0.993428,0.99832
0.998191,0.996642
0.993685,0.992402
0.99827,0.991281
0.996906,0.990559
0.99322,0.989924
0.990273,0.989637
0.993154,0.993223
0.991541,0.991528
0.989852,0.991067
0.997415,0.997066
0.995546,0.99091
0.998078,0.993982
0.989093,0.993221
0.997543,0.9899
0.989354,0.98946
0.989179,0.990085
0.992469,0.992858
0.993859,0.997192
0.997899,0.991183
0.99073,0.998238
0.989212,0.990273
0.995251,0.997493
0.994738,0.993799
0.994438,0.997031
0.990382,0.993467
0.992153,0.997352
0.995005,0.994521
0.992469,0.992026
0.991819,0.991044
0.99738,0.994038
0.997672,0.991875
0.990362,0.992185
0.989303,0.9958
0.995722,0.99626
0.995523,0.991881
0.992814,0.99495
0.991084,0.997757
0.996557,0.992369
0.998898,0.997813
0.99207,0.993591
0.991149,0.998797
0.994459,0.998042
0.994102,0.996223
0.992365,0.994629
0.995451,0.991867
0.99797,0.993173
0.994272,0.997258
0.998789,0.989743
0.995393,0.998242
0.991439,0.990424
0.995263,0.995253
0.993809,0.991922
0.998066,0.995135
0.991957,0.990347
0.992398,0.992229
0.996932,0.992341
0.998838,0.99765
0.997489,0.99134
0.998636,0.991336
0.997172,0.996716
0.99745,0.991449
0.989947,0.991786
0.996906,0.992127
0.996831,0.990028
0.989182,0.990192
0.993798,0.990032
0.997182,0.994381
0.993881,0.99223
0.998165,0.993493
0.990427,0.996383
0.992499,0.990987
0.994531,0.99681
0.994927,0.995691
0.998909,0.995412
0.995903,0.990197
0.993113,0.992617
0.997001,0.9956
0.993126,0.990895
0.989438,0.993517
0.995485,0.990641
0.996553,0.994211
0.995756,0.994412
0.998699,0.99373
0.993924,0.995194
0.998284,0.996356
0.991821,0.992836
0.9937,0.991645
0.991374,0.989585
0.998277,0.994236
0.998515,0.997999
0.995626,0.993142
0.989422,0.99031
0.992014,0.997489
0.995943,0.99592
0.995212,0.994708
0.994161,0.990862
0.993895,0.991058
0.997779,0.996044
0.989523,0.998295
0.992918,0.992056
0.989193,0.993517
0.99102,0.99233
0.989345,0.994761
0.995039,0.997446
0.993498,0.992524
0.995645,0.997052
0.992995,0.997181
0.993846,0.9935
0.992903,0.995055
0.991402,0.998518
0.997364,0.996088
0.991676,0.992811
0.99108,0.992204
0.989426,0.996655
0.989342,0.990645
0.996915,0.995317
0.989635,0.990061
0.9951,0.99573
0.998686,0.997923
0.997317,0.997583
0.996746,0.995205
0.997648,0.996156
0.995038,0.997276
0.995434,0.989281
0.997829,0.992876
0.994693,0.990558
0.995968,0.994654
0.991781,0.989461
0.998938,0.990894
0.993697,0.998238
0.991414,0.991919
0.988959,0.991748
0.992128,0.990616
0.99297,0.991822
0.989517,0.997372
0.996985,0.997019
0.995208,0.995018
0.997814,0.996925
0.995208,0.994561
0.992575,0.993566
0.997987,0.992072
0.99482,0.989559
0.992351,0.992982
0.991768,0.991903
0.998431,0.998421
0.996837,0.990795
0.9954,0.998628
0.992139,0.995838
0.995254,0.993154
0.990141,0.990145
0.991346,0.994166
0.989332,0.997353
0.989171,0.992112
0.994199,0.995127
0.998261,0.997575
0.994043,0.996715
0.992852,0.990308
0.995081,0.993684
0.997172,0.989045
0.990476,0.994107
0.992194,0.992491
0.988925,0.993231
0.992153,0.997194
0.994601,0.997659
0.993621,0.99528
0.995165,0.995212
0.998964,0.998468
0.994135,0.9953
0.99502,0.991429
0.997576,0.996681
0.991184,0.99453
0.993144,0.996109
0.993444,0.997931
0.992205,0.998435
0.990538,0.996236
0.996727,0.995692
0.998782,0.990052
0.99536,0.99538
0.989284,0.993208
0.994096,0.99346
0.990355,0.997631
0.994535,0.996903
0.992893,0.99207
0.996607,0.994212
0.992822,0.991314
0.995341,0.994794
0.990093,0.996892
0.989123,0.989205
0.998815,0.994333
0.989072,0.992668
0.997244,0.997663
0.998799,0.995732
0.989666,0.991893
0.996632,0.997728
0.995464,0.993122
0.99112,0.997887
0.997933,0.9905
0.995995,0.989621
0.991447,0.995323
0.991405,0.995837
0.996698,0.996139
0.989984,0.989329
0.9988,0.989626
0.990797,0.994762
0.995567,0.996072
0.989844,0.989282
0.994544,0.997886
0.989955,0.997164
0.996026,0.989778
0.992747,0.998222
0.995326,0.997643
0.989844,0.998777
0.993572,0.989641
0.996229,0.993486
0.99305,0.994399
0.998409,0.996585
0.997786,0.989401
0.996963,0.991886
0.995125,0.996857
0.996501,0.994781
0.998703,0.992657
0.998454,0.993614
0.991935,0.99176
0.995055,0.994041
0.9901,0.996749
0.994875,0.995727
0.998486,0.991047
0.998293,0.99632
0.990917,0.993381
0.991357,0.989801
0.990157,0.989769
0.990297,0.998438
0.997571,0.989431
0.993778,0.996654
0.991286,0.989473
0.995319,0.990419
0.99647,0.998351
0.992364,0.998458
0.99814,0.997507
0.992522,0.99838
0.99433,0.995903
0.996996,0.990379
0.990694,0.988903
0.996793,0.9967
0.989426,0.989926
0.99263,0.996103
0.993101,0.988918
0.990149,0.989469
0.991605,0.991908
0.993696,0.998749
0.989377,0.992738
0.991733,0.993658
0.990408,0.989301
0.997257,0.991125
0.995589,0.991996
0.996408,0.996835
0.994599,0.991901
0.990519,0.988932
0.990999,0.991198
0.994274,0.993964
0.990791,0.988944
0.997442,0.995986
0.994203,0.990845
0.990634,0.990981
0.996146,0.992581
0.993448,0.994157
0.993063,0.993058
0.99501,0.992185
0.993201,0.996509
0.997907,0.989259
0.991857,0.989861
0.995514,0.991467
0.996339,0.993484
0.992781,0.98957
0.993256,0.991049
0.994768,0.997899
0.995846,0.994305
0.992038,0.993145
0.993354,0.989067
0.997078,0.998913
0.998947,0.994884
0.995981,0.99666
0.996175,0.988966
0.992908,0.989626
0.992632,0.998654
0.989561,0.994211
0.989333,0.994756
0.990475,0.994839
0.994841,0.989696
0.992639,0.989097
0.994171,0.991937
0.989969,0.99687
0.991826,0.995704
0.993795,0.997334
0.997269,0.996098
0.994853,0.99506
0.989187,0.995333
0.991873,0.992146
0.996498,0.989984
0.989629,0.996909
0.993963,0.995741
0.998683,0.997364
0.993647,0.988913
0.991518,0.99096
0.992099,0.993824
0.993472,0.996233
0.991853,0.995451
0.989619,0.992923
0.98891,0.995224
0.996832,0.995086
0.997184,0.996344
0.997726,0.996288
0.992537,0.99204
0.990229,0.99679
0.989468,0.989077
0.992789,0.997934
0.998551,0.989588
0.989197,0.989737
0.995618,0.99644
0.990518,0.989046
0.989844,0.996311
0.997882,0.995226
0.99661,0.994461
0.995346,0.99178
0.994741,0.991168
0.998976,0.988929
0.993814,0.991066
0.992067,0.995144
0.994192,0.990874
0.990202,0.998559
0.997251,0.996314
0.991963,0.992537
0.989772,0.993636
0.993978,0.997955
0.99818,0.992613
0.989363,0.996399
0.991153,0.996617
0.995047,0.995658
0.99252,0.989264
0.997338,0.995096
0.990106,0.997702
0.997373,0.99078
0.997538,0.993152
0.994295,0.98983
0.996348,0.993775
0.993432,0.991137
0.992263,0.99633
0.995255,0.995232
0.989672,0.990263
0.992349,0.989506
0.990514,0.990204
0.994059,0.99686
0.991179,0.995885
0.989256,0.99113
0.998578,0.995376
0.990259,0.991566
0.994428,0.992694
0.99339,0.998908
0.992141,0.996122
0.997292,0.99353
0.998574,0.989498
0.994764,0.996869
0.995389,0.989163
0.995338,0.993367
0.991184,0.994936
0.993665,0.99325
0.990959,0.993093
0.990002,0.988934
0.998845,0.991363
0.992005,0.991085
0.996423,0.992339
0.989385,0.998541
0.992995,0.989891
0.995824,0.989014
0.992946,0.998803
0.991354,0.998762
0.992282,0.996936
0.993109,0.990421
0.992003,0.989463
0.989156,0.990643
0.993754,0.995709
0.992327,0.994498
0.992977,0.99235
0.996866,0.991509
0.994303,0.989236
0.994954,0.996305
0.998639,0.991202
0.997332,0.990357
0.989408,0.993191
0.989131,0.989785
0.992251,0.99677
0.990193,0.996935
0.997048,0.991479
0.989623,0.991084
0.994893,0.995912
0.990842,0.996717
0.989904,0.994821
0.989802,0.992083
0.995128,0.993827
0.99829,0.992166
0.993531,0.992131
0.991368,0.993619
0.993954,0.996161
0.992727,0.996195
0.992157,0.997289
0.998338,0.994501
0.996237,0.988972
0.989727,0.989976
0.992294,0.993014
0.990603,0.995681
0.997289,0.99057
0.990709,0.994143
0.994499,0.993665
0.990438,0.993122
0.993163,0.991144
0.995207,0.992883
0.989304,0.992664
0.996114,0.99336
0.99077,0.997837
0.99125,0.991632
0.996879,0.989648
0.990298,0.997948
0.995253,0.990423
0.997867,0.989082
0.998782,0.991155
0.992604,0.995277
0.997332,0.991808
0.99147,0.994342
0.991892,0.994667
0.998365,0.992316
0.998351,0.993411
0.995762,0.993266
0.997626,0.990137
0.995174,0.998563
0.997739,0.989217
0.992458,0.993279
0.997234,0.98976
0.989198,0.993826
0.993303,0.995426
0.998039,0.993758
0.996639,0.991941
0.995412,0.990391
0.991654,0.997739
0.994095,0.991895
0.992461,0.996297
0.990968,0.991308
0.998275,0.997079
0.989577,0.991357
0.990813,0.998861
0.990643,0.992213
0.996404,0.993656
0.993418,0.994975
0.989353,0.991766
0.998469,0.991276
0.997253,0.995221
0.998469,0.991827
0.997969,0.994826
0.996527,0.994086
0.990977,0.997579
0.995619,0.990749
0.996584,0.992871
0.998568,0.99314
0.997936,0.998246
0.991278,0.994955
0.996574,0.994074
0.994393,0.994889
0.994675,0.993217
0.997565,0.991943
0.998075,0.998506
0.991774,0.992259
0.991122,0.990024
0.990668,0.995813
0.993148,0.996924
0.997269,0.994352
0.994053,0.990574
0.994424,0.989955
0.997843,0.995903
0.993259,0.998941
0.99837,0.996598
0.998354,0.994325
0.99307,0.996494
0.992528,0.992924
0.995814,0.99574
0.994992,0.996587
0.993884,0.997176
0.990318,0.991043
0.990243,0.996889
0.989161,0.990358
0.992797,0.998986
0.993771,0.994315
0.994124,0.997582
0.997907,0.991848
0.998478,0.992889
0.993518,0.998062
0.996731,0.994732
0.993242,0.998684
0.989854,0.994451
0.996624,0.991025
0.992679,0.989997
0.993881,0.989275
0.996167,0.997312
0.997856,0.998342
0.991109,0.993676
0.997683,0.991763
0.993872,0.997295
0.998599,0.99681
0.995427,0.994999
0.988962,0.989051
0.998408,0.995567
0.996382,0.992527
0.993713,0.990639
0.997454,0.998121
0.998987,0.995354
0.993035,0.997536
0.996805,0.990922
0.993667,0.990243
0.990261,0.989205
0.993294,0.993919
0.993506,0.991569
0.992881,0.997306
0.991819,0.997543
0.995918,0.995899
0.992535,0.991891
0.998615,0.99759
0.989103,0.998721
0.99435,0.992237
0.994742,0.996246
0.989191,0.989398
0.994945,0.9902
0.989984,0.989734
0.998435,0.996294
0.998542,0.989685
0.993294,0.992967
0.99803,0.996517
0.997046,0.991366
0.994246,0.993766
0.992136,0.990799
0.998966,0.990725
0.991672,0.998598
0.994145,0.994735
0.990245,0.996228
0.998397,0.995735
0.992369,0.994077
0.989948,0.990073
0.989578,0.996183
0.990334,0.995583
0.991226,0.995487
0.994984,0.993878
0.989777,0.997757
0.997768,0.996614
0.994486,0.995814
0.994614,0.991525
0.990903,0.996769
0.998709,0.996212
0.995023,0.993268
0.993548,0.993481
0.990582,0.994492
0.998228,0.996653
0.993305,0.990351
0.989349,0.998964
0.995278,0.99063
0.994397,0.991845
0.997822,0.996075
0.997775,0.993722
0.993727,0.989928
0.998269,0.994327
0.995505,0.99884
0.995165,0.998119
0.998399,0.995958
0.992575,0.998971
0.991102,0.989184
0.995501,0.991104
0.997142,0.991857
0.998136,0.989821
0.992417,0.990232
0.992817,0.989003
0.994217,0.989143
0.998901,0.995921
0.989263,0.990211
0.989283,0.993023
0.990815,0.990582
0.994773,0.993446
0.997639,0.997699
0.993342,0.993017
0.989695,0.996032
0.996978,0.989432
0.992632,0.998185
0.996674,0.988907
0.98954,0.994239
0.988997,0.98899
0.995263,0.997029
0.99732,0.995699
0.995322,0.990634
0.990716,0.994059
0.994129,0.992701
0.995204,0.998675
0.990728,0.989291
0.991995,0.990668
0.994128,0.996941
0.994959,0.991281
0.997918,0.988998
0.992982,0.997658
0.995228,0.991366
0.993776,0.998566
0.991211,0.997736
0.993611,0.997975
0.998504,0.992264
0.997822,0.992147
0.995918,0.993915
0.991184,0.991157
0.995672,0.992148
0.995698,0.992612
0.992114,0.990137
0.995162,0.992224
0.99449,0.990978
0.996941,0.997721
0.994503,0.992535
0.998697,0.996522
0.990584,0.995261
0.99899,0.988937
0.997502,0.996322
0.994479,0.991856
0.993763,0.992835
0.995335,0.996129
0.993774,0.996176
0.99729,0.991104
0.993336,0.996298
0.991538,0.99472
0.997377,0.990418
0.997394,0.998186
0.994234,0.995321
0.991989,0.996425
0.989912,0.995891
0.992423,0.994044
0.99486,0.991768
0.994071,0.990305
0.991784,0.998103
0.998444,0.994659
0.997643,0.992292
0.993878,0.991979
0.993647,0.99748
0.989232,0.998844
0.991507,0.991644
0.991186,0.992332
0.990307,0.99514
0.995665,0.99734
0.990435,0.99361
0.998478,0.995997
0.998836,0.990329
0.995594,0.990125
0.997361,0.995137
0.998964,0.997176
0.996578,0.995429
0.994395,0.990803
0.995696,0.996102
0.992978,0.995179
0.991307,0.991975
0.997281,0.996132
0.996065,0.99143
0.992582,0.989515
0.989943,0.990123
0.996179,0.993584
0.991266,0.989385
0.992688,0.997025
0.996233,0.989296
0.989938,0.994635
0.993222,0.998869
0.995019,0.997159
0.996299,0.994486
0.993655,0.990957
0.995117,0.992751
0.996111,0.996479
0.989297,0.991801
0.995561,0.997156
0.997066,0.992576
0.993199,0.997192
0.996378,0.989601
0.99178,0.99493
0.995106,0.990951
0.994081,0.990591
0.989934,0.990564
0.994941,0.998126
0.997482,0.990326
0.992004,0.992654
0.997538,0.998661
0.9931,0.99498
0.995718,0.989235
0.990976,0.992292
0.998978,0.997675
0.996052,0.996073
0.996683,0.998465
0.989358,0.995329
0.991992,0.998952
0.995133,0.996004
0.98952,0.990945
0.992485,0.989451
0.989393,0.995163
0.993139,0.995783
0.992443,0.991391
0.993063,0.99154
0.995364,0.989231
0.997337,0.99458
0.990048,0.995728
0.99849,0.989462
0.990974,0.991546
0.998645,0.996985
0.997478,0.996203
0.998117,0.991041
0.99555,0.994109
0.990308,0.998741
0.990921,0.990012
0.998908,0.993754
0.990372,0.995757
0.994647,0.990722
0.994857,0.994208
0.994699,0.997213
0.997896,0.996629
0.990154,0.989309
0.991263,0.994639
0.989123,0.991237
0.989418,0.998565
0.989345,0.994614
0.99518,0.990249
0.997882,0.998983
0.995095,0.995001
0.994155,0.992557
0.995526,0.997833
0.992207,0.995058
0.989449,0.9917
0.996402,0.994926
0.997964,0.993641
0.99113,0.990737
0.997908,0.995696
0.998719,0.990352
0.994094,0.989499
0.991547,0.9891
0.989071,0.991896
0.992867,0.9889
0.989288,0.994085
0.997045,0.996984
0.995107,0.997248
0.989493,0.992085
0.989341,0.990763
0.98991,0.996684
0.995546,0.99679
0.990685,0.994331
0.997847,0.996414
0.992725,0.994824
0.998048,0.99832
0.994457,0.995068
0.992616,0.996517
0.994782,0.990956
0.994125,0.99627
0.990368,0.992186
0.995697,0.993923
0.997064,0.989051
0.992297,0.992951
0.991638,0.994529
0.998339,0.993824
0.996643,0.997328
0.99885,0.99335
0.989996,0.99052
0.993052,0.99668
0.988921,0.994912
0.996178,0.993008
0.991299,0.995749
0.99754,0.994393
0.996659,0.996802
0.995617,0.9911
0.99269,0.996331
0.989822,0.994117
0.992975,0.997978
0.990237,0.997142
0.992507,0.989267
0.997415,0.989849
0.998826,0.991883
0.990251,0.992823
0.991216,0.989478
0.998631,0.995293
0.991544,0.988962
0.990129,0.993128
0.990893,0.994853
0.993131,0.993571
0.992689,0.99023
0.991715,0.992931
0.989467,0.990908
0.998962,0.989329
0.988968,0.997832
0.996539,0.994729
0.991089,0.997357
0.99109,0.998519
0.994815,0.995346
0.994415,0.993667
0.990253,0.991201
0.995038,0.990629
0.994478,0.997051
0.989751,0.992404
0.995075,0.994027
0.996365,0.99709
0.995481,0.99267
0.992325,0.997708
0.992564,0.998747
0.994447,0.996223
0.991138,0.992759
0.989634,0.998267
0.994914,0.997008
0.989669,0.997777
0.995324,0.993303
0.993572,0.99559
0.997163,0.997622
0.995524,0.990634
0.989961,0.992153
0.99142,0.991786
0.998641,0.998449
0.993244,0.997545
0.992052,0.992668
0.998705,0.98917
0.993676,0.991388
0.992132,0.991154
0.997314,0.99317
0.994194,0.998966
0.994466,0.996007
0.992851,0.99807
0.991613,0.992953
0.994446,0.998198
0.992288,0.99876
0.997503,0.990952
0.994104,0.98944
0.990735,0.989448
0.998489,0.990579
0.990539,0.989788
0.995169,0.994304
0.992132,0.991448
0.994723,0.995705
0.995555,0.992627
0.99228,0.996619
0.998175,0.995453
0.992724,0.998502
0.99681,0.992936
0.989904,0.990926
0.996958,0.995665
0.990091,0.997556
0.993511,0.992432
0.998401,0.995669
0.995907,0.992976
0.991722,0.992479
0.99483,0.992271
0.992812,0.991107
0.997264,0.997421
0.995319,0.992258
0.991631,0.988943
0.995909,0.992975
0.990932,0.996138
0.991465,0.992548
0.998019,0.992556
0.996422,0.989015
0.989239,0.992551
0.995388,0.997379
0.992678,0.997349
0.996322,0.991543
0.991299,0.994725
0.993811,0.989825
0.994361,0.995268
0.992963,0.989216
0.990651,0.996413
0.995502,0.993417
0.992194,0.996485
0.998087,0.98893
0.993491,0.993642
0.989632,0.992247
0.99646,0.997452
0.996384,0.990546
0.990281,0.990513
0.992631,0.998457
0.995482,0.99612
0.995565,0.992461
0.991315,0.994848
0.998756,0.990446
0.992542,0.992815
0.989108,0.993105
0.997297,0.998191
0.994958,0.997641
0.9941,0.996377
0.997124,0.995929
0.991987,0.998199
0.996497,0.995879
0.99697,0.994138
0.991399,0.99181
0.990308,0.994823
0.993501,0.997014
0.997425,0.989357
0.989276,0.991704
0.994216,0.996837
0.992505,0.990487
0.992187,0.98971
0.990537,0.994626
0.997515,0.99692
0.993465,0.996378
0.989598,0.995068
0.997165,0.994884
0.9936,0.998071
0.998686,0.998045
0.993112,0.992391
0.989706,0.989874
0.998443,0.997399
0.993903,0.991074
0.998635,0.997808
0.997323,0.996332
0.988933,0.994628
0.994649,0.998686
0.996248,0.994997
0.992326,0.997936
0.995503,0.997537
0.992069,0.991587
0.995896,0.996036
0.998998,0.994913
0.995175,0.99103
0.997609,0.991072
0.997351,0.996423
0.997768,0.994474
0.997916,0.992134
0.991276,0.994834
0.991357,0.990847
0.993534,0.997021
0.990418,0.995379
0.989523,0.996038
0.993965,0.99852
0.995446,0.994398
0.992648,0.993206
0.996996,0.989962
0.99361,0.994355
0.990014,0.990243
0.989975,0.994812
0.996047,0.998899
0.990047,0.997697
0.997854,0.990233
0.992241,0.99759
0.99314,0.989114
0.998062,0.991692
0.993837,0.993188
0.997633,0.992843
0.995848,0.989935
0.991477,0.991818
0.996621,0.998979
0.994351,0.997993
0.996445,0.989534
0.995073,0.989373
0.998721,0.990413
0.993052,0.996
0.997201,0.988914
0.998903,0.990114
0.989833,0.99512
0.989077,0.997848
0.99347,0.99875
0.996936,0.995419
0.992521,0.994031
0.990455,0.98927
0.990303,0.99062
0.989607,0.99791
0.989328,0.995918
0.996588,0.99048
0.991628,0.991505
0.991783,0.992753
0.995736,0.99667
0.997053,0.990844
0.995869,0.99853
0.995337,0.993689
0.9946,0.989287
0.993758,0.993082
0.996416,0.996937
0.992886,0.992442
0.99266,0.994684
0.994497,0.991872
0.993437,0.990436
0.997795,0.989336
0.989776,0.992507
0.998271,0.994218
0.994874,0.991562
0.991101,0.996693
0.990296,0.998254
0.998165,0.998602
0.996357,0.997687
0.989586,0.994233
0.998515,0.994002
0.992998,0.990725
0.9921,0.990739
0.990207,0.994834
0.995493,0.997285
0.993939,0.991005
0.992758,0.995638
0.99389,0.991572
0.998612,0.990606
0.998514,0.992398
0.991284,0.996188
0.991095,0.991544
0.994006,0.995993
0.994171,0.98892
0.992933,0.994628
0.991201,0.989741
0.993641,0.989649
0.991884,0.993401
0.992641,0.992272
0.991225,0.9889
0.998935,0.990515
0.99743,0.992237
0.993881,0.995544
0.992433,0.991998
0.993885,0.991824
0.998374,0.994095
0.998347,0.991048
0.992727,0.995092
0.992771,0.993753
0.997716,0.995097
0.994041,0.99372
0.996854,0.996563
0.997213,0.994153
0.989573,0.992684
0.994324,0.994043
0.992084,0.992619
0.996044,0.996335
0.989976,0.996684
0.993177,0.997796
0.990833,0.988956
0.990302,0.992454
0.996932,0.991252
0.990751,0.989517
0.992533,0.990338
0.996493,0.989127
0.99131,0.996558
0.997572,0.993731
0.994527,0.995652
0.990704,0.993906
0.9911,0.99012
0.989899,0.991165
0.994935,0.997871
0.99144,0.993283
0.992638,0.996899
0.994387,0.991098
0.990225,0.99691
0.990775,0.989867
0.99053,0.993756
0.99467,0.993497
0.98977,0.995718
0.990648,0.991395
0.991852,0.988987
0.994886,0.998223
0.994354,0.998075
0.998135,0.994172
0.994238,0.991507
0.997641,0.998899
0.994242,0.99431
0.994633,0.996861
0.990263,0.99089
0.996229,0.989426
0.995561,0.998287
0.992035,0.989854
0.995421,0.994469
0.992811,0.990748
0.993509,0.989288
0.997175,0.991737
0.992349,0.993484
0.990571,0.99809
0.997336,0.993281
0.992304,0.99167
0.992299,0.992969
0.998983,0.98935
0.992096,0.989723
0.995009,0.992413
0.997135,0.992764
0.997129,0.997538
0.994793,0.998993
0.990876,0.994282
0.99726,0.994415
0.995391,0.99155
0.98913,0.990357
0.996962,0.998696
0.996304,0.991807
0.990678,0.996275
0.989863,0.993899
0.989355,0.992034
0.998984,0.992099
0.997455,0.99265
0.989175,0.995431
0.989576,0.990794
0.996154,0.99546
0.992944,0.998997
0.996262,0.995276
0.996137,0.989301
0.989786,0.995129
0.994795,0.995813
0.997916,0.998422
0.994036,0.992925
0.992348,0.989556
0.993011,0.993049
0.998583,0.997585
0.997824,0.994614
0.996624,0.993122
0.996477,0.996525
0.989866,0.993909
0.98921,0.990951
0.993718,0.991417
0.993745,0.991715
0.99895,0.994244
0.994889,0.992051
0.989381,0.98939
0.990423,0.998658
0.990631,0.990763
0.998904,0.98936
0.99522,0.989903
0.998181,0.991253
0.998222,0.997119
0.992869,0.995065
0.990262,0.998531
0.998769,0.997085
0.991434,0.99694
0.99887,0.993689
0.998873,0.998526
0.992548,0.99336
0.992457,0.998274
0.98979,0.996407
0.989186,0.995789
0.990207,0.993752
0.998647,0.994275
0.998317,0.990725
0.993355,0.990326
0.992635,0.993973
0.99564,0.992069
0.988951,0.997039
0.998491,0.99519
0.991856,0.995404
0.990037,0.997426
0.997069,0.989043
0.993456,0.994174
0.992253,0.994436
0.990247,0.997857
0.996781,0.990086
0.994723,0.991662
0.992878,0.992589
0.993247,0.995779
0.989288,0.996613
0.997797,0.992953
0.995384,0.996745
0.997142,0.989979
0.993492,0.995459
0.988989,0.989176
0.989327,0.994221
0.991026,0.991592
0.996611,0.997938
0.995242,0.991249
0.990182,0.993653
0.998883,0.998558
0.998357,0.996666
0.991049,0.991298
0.998461,0.99582
0.994078,0.998665
0.989488,0.995173
0.993736,0.994182
0.994733,0.989836
0.998691,0.989372
0.996576,0.998238
0.997278,0.994803
0.991524,0.998149
0.990786,0.998799
0.998723,0.991449
0.989711,0.990034
0.992821,0.992145
0.998104,0.990318
0.99218,0.993965
0.989708,0.992605
0.995597,0.989711
0.994534,0.988945
0.997527,0.989396
0.990907,0.990246
0.996939,0.989645
0.990837,0.997376
0.995083,0.994451
0.991168,0.991274
0.998027,0.996914
0.993246,0.98923
0.994992,0.996407
0.991446,0.997661
0.991105,0.995583
0.991427,0.995527
0.991135,0.990038
0.992238,0.99092
0.99799,0.995584
0.994361,0.997662
0.992298,0.998112
0.994615,0.996519
0.99587,0.996838
0.99839,0.994893
0.993778,0.997546
0.994932,0.996249
0.998164,0.992809
0.991001,0.98976
0.990697,0.990778
0.994416,0.992739
0.990024,0.989835
0.993997,0.990809
0.994417,0.996442
0.993429,0.996477
0.997743,0.994633
0.992988,0.990442
0.994295,0.995265
0.993942,0.995166
0.99279,0.993331
0.992615,0.99109
0.990327,0.998376
0.997041,0.989928
0.989309,0.994649
0.994968,0.997533
0.991783,0.990611
0.993482,0.992809
0.995744,0.99412
0.989125,0.992049
0.998928,0.995637
0.990073,0.990393
0.995455,0.996167
0.990494,0.990866
0.997191,0.996584
0.996831,0.99316
0.99253,0.995416
0.99665,0.997871
0.99756,0.992032
0.992878,0.989912
0.998501,0.997191
0.991949,0.991764
0.991155,0.9958
0.998346,0.992523
0.995639,0.993425
0.989306,0.995466
0.992827,0.992519
0.99725,0.989284
0.998632,0.990336
0.995875,0.994168
0.992976,0.991454
0.989737,0.992108
0.996799,0.995314
0.990847,0.998279
0.989783,0.991826
0.997272,0.989746
0.995803,0.99072
0.995928,0.991223
0.990781,0.990366
0.993912,0.995966
0.992925,0.993565
0.996205,0.991734
0.991302,0.990149
0.991693,0.990983
0.99322,0.990872
0.991467,0.995756
0.998974,0.989206
0.995644,0.989455
0.995964,0.994775
0.998771,0.994533
0.998303,0.995397
0.996454,0.989035
0.998903,0.990289
0.997127,0.997136
0.989863,0.998343
0.996897,0.995214
0.989731,0.994408
0.994655,0.990277
0.989979,0.995182
0.997091,0.994586
0.998357,0.990123
0.994995,0.996732
0.991968,0.994184
0.996628,0.991828
0.995783,0.992465
0.993154,0.996561
0.992471,0.994778
0.997557,0.991978
0.996904,0.992826
0.998547,0.992893
0.991512,0.997123
0.996718,0.990745
0.996082,0.991473
0.995704,0.998791
0.995589,0.990387
0.994379,0.989
0.991147,0.998604
0.996446,0.996425
0.996447,0.991738
0.991116,0.997919
0.998655,0.993574
0.989217,0.991988
0.997051,0.995232
0.992306,0.990878
0.991815,0.998611
0.998118,0.99012
0.992507,0.996094
0.992486,0.991137
0.989563,0.997171
0.998124,0.995507
0.990724,0.990947
0.991307,0.994892
0.991389,0.991455
0.990952,0.989152
0.998398,0.992413
0.99104,0.989412
0.992101,0.99587
0.997197,0.997507
0.992219,0.992958
0.991114,0.99832
0.991558,0.994414
0.998952,0.998229
0.991419,0.98975
0.994641,0.992494
0.991987,0.999
0.991912,0.99011
0.993323,0.992761
0.989608,0.990127
0.998673,0.994539
0.995375,0.993017
0.996248,0.990271
0.991185,0.997378
0.994558,0.992282
0.995857,0.990474
0.989405,0.996528
0.991642,0.991182
0.99451,0.997647
0.997267,0.998297
0.996043,0.990265
0.997037,0.991651
0.994497,0.995228
0.997125,0.989566
0.992931,0.995354
0.994331,0.996127
0.990693,0.993522
0.990597,0.99758
0.997371,0.989636
0.998989,0.993223
0.990629,0.998331
0.995466,0.997613
0.996751,0.994427
0.994412,0.994631
0.993177,0.991443
0.995487,0.990346
0.990628,0.992449
0.998044,0.990963
0.994435,0.995639
0.995912,0.988906
0.992371,0.992305
0.99623,0.993438
0.998417,0.993632
0.99083,0.990142
0.99418,0.989263
0.994421,0.994661
0.992735,0.993404
0.99852,0.995185
0.997601,0.99286
0.992582,0.992608
0.99883,0.996212
0.98978,0.991815
0.99377,0.997838
0.993104,0.993239
0.989331,0.989491
0.992789,0.989376
0.993946,0.995352
0.99822,0.992188
0.994592,0.993818
0.99422,0.99065
0.99518,0.998327
0.998451,0.995548
0.989776,0.991601
0.997444,0.993505
0.994077,0.997482
0.998018,0.989153
0.990301,0.993727
0.990956,0.989744
0.990669,0.998226
0.992279,0.996054
0.994109,0.989453
0.996161,0.994396
0.994273,0.997732
0.989823,0.996711
0.992247,0.994159
0.994392,0.99623
0.988923,0.997234
0.989285,0.996849
0.989788,0.994705
0.99754,0.989831
0.993617,0.998091
0.99196,0.991378
0.993318,0.989626
0.992325,0.998558
0.996067,0.990674
0.989348,0.994226
0.991713,0.989329
0.996826,0.998627
0.993686,0.992092
0.996135,0.993636
0.992366,0.993061
0.99085,0.991932
0.99602,0.99608
0.994011,0.990363
0.993646,0.991938
0.99522,0.996429
0.99807,0.99885
0.994536,0.992612
0.989979,0.991787
0.998707,0.991381
0.990068,0.991372
0.993686,0.993822
0.997717,0.995814
0.996018,0.995144
0.998704,0.990703
0.992582,0.995636
0.997013,0.993441
0.998514,0.990962
0.998511,0.992323
0.989549,0.996144
0.988914,0.994643
0.992971,0.998545
0.991317,0.992807
0.994911,0.989339
0.995161,0.998318
0.991523,0.995209
0.997297,0.996483
0.991009,0.989653
0.997513,0.98998
0.990156,0.989779
0.994622,0.990566
0.991237,0.991253
0.994277,0.997424
0.993334,0.993223
0.995994,0.995711
0.989085,0.991046
0.998767,0.997076
0.99482,0.995189
0.993338,0.992127
0.994419,0.99236
0.989116,0.995488
0.991059,0.992599
0.995727,0.99061
0.998822,0.996346
0.997404,0.989363
0.997781,0.991107
0.994358,0.996386
0.997627,0.99418
0.989419,0.98965
0.992546,0.989604
0.995095,0.99416
0.996687,0.995229
0.995351,0.990731
0.989054,0.992529
0.994283,0.998537
0.994282,0.994598
0.992823,0.993454
0.991571,0.996027
0.991187,0.991854
0.992502,0.997492
0.995785,0.993969
0.99386,0.994492
0.99515,0.994099
0.994304,0.993195
0.989256,0.993896
0.997608,0.997792
0.995642,0.998773
0.995965,0.991296
0.990285,0.993349
0.993915,0.994805
0.998629,0.990642
0.998131,0.995059
0.995263,0.997324
0.989317,0.989491
0.989007,0.997528
0.996325,0.990104
0.993344,0.993543
0.993516,0.998229
0.99383,0.995232
0.990844,0.991055
0.990358,0.995882
0.994962,0.995708
0.990847,0.997441
0.989972,0.997604
0.994307,0.997277
0.997046,0.994889
0.992872,0.993783
0.989408,0.992731
0.996607,0.998108
0.992003,0.99803
0.997998,0.992307
0.991323,0.99863
0.994265,0.997789
0.993764,0.991851
0.989876,0.994691
0.989939,0.997998
0.997562,0.991818
0.997755,0.996694
0.990166,0.989717
0.992548,0.992033
0.99192,0.988994
0.99252,0.994433
0.98975,0.990121
0.995362,0.9941
0.991306,0.994551
0.994043,0.99567
0.992457,0.994205
0.998707,0.994212
0.992986,0.995738
0.990945,0.99187
0.996634,0.997947
0.990142,0.993409
0.99381,0.998997
0.998979,0.990119
0.996217,0.993891
0.993178,0.993572
0.991004,0.997195
0.995503,0.996171
0.997057,0.992329
0.993678,0.996701
0.989503,0.994091
0.997644,0.992867
0.991252,0.995024
0.990776,0.998548
0.995693,0.99339
0.991723,0.995284
0.997778,0.997439
0.998272,0.996737
0.994957,0.99521
0.990083,0.991295
0.993342,0.988889
0.997111,0.997988
0.989792,0.996756
0.994289,0.996935
0.997296,0.997382
0.998038,0.992806
0.992293,0.996255
0.989013,0.991247
0.998873,0.991388
0.99424,0.998792
0.996968,0.998348
0.990469,0.989821
0.99041,0.996585
0.994792,0.993054
0.991555,0.993049
0.997788,0.994427
0.991964,0.995372
0.995007,0.991276
0.998833,0.991787
0.997627,0.990721
0.996316,0.993758
0.98959,0.997383
0.996751,0.989768
0.991753,0.995738
0.996572,0.991568
0.995236,0.991462
0.997347,0.993689
0.994402,0.991405
0.993921,0.993604
0.991404,0.992569
0.993667,0.989016
0.990838,0.996676
0.991905,0.990639
0.997815,0.993759
0.994768,0.996217
0.996534,0.991679
0.990638,0.994488
0.996149,0.989725
0.992481,0.9927
0.991985,0.99247
0.998347,0.989357
0.993046,0.996537
0.995167,0.996729
0.993294,0.991855
0.990426,0.994443
0.994701,0.98949
0.992374,0.99119
0.998355,0.995332
0.989063,0.995324
0.992953,0.996788
0.990171,0.996958
0.997768,0.991049
0.993885,0.995631
0.995727,0.994434
0.996591,0.99058
0.991507,0.998459
0.988961,0.991452
0.990866,0.991105
0.989312,0.989732
0.992759,0.989515
0.994678,0.994503
0.995157,0.993027
0.996979,0.998655
0.998977,0.992872
0.992425,0.991216
0.997836,0.996121
0.995871,0.997289
0.995771,0.994884
0.994256,0.998703
0.989039,0.990926
0.992058,0.996131
0.990404,0.989026
0.996443,0.995171
0.99075,0.991697
0.994679,0.996038
0.989487,0.993189
0.991941,0.992839
0.998517,0.995929
0.991346,0.989114
0.996807,0.997804
0.994766,0.997218
0.991899,0.994377
0.992163,0.994241
0.994111,0.990099
0.991198,0.993866
0.994509,0.99815
0.991167,0.996343
0.997567,0.996671
0.997831,0.995761
0.989479,0.990189
0.990475,0.994767
0.989947,0.993754
0.997266,0.998869
0.997848,0.998382
0.993779,0.99419
0.993071,0.996522
0.996334,0.996425
0.99543,0.991725
0.998367,0.992541
0.995875,0.997428
0.989065,0.99299
0.992154,0.993972
0.996436,0.996492
0.991297,0.993948
0.996165,0.990635
0.995318,0.993389
0.996681,0.992461
0.998984,0.990837
0.998455,0.993686
0.998936,0.99729
0.993467,0.989896
0.993302,0.993422
0.997153,0.990283
0.990317,0.993619
0.990098,0.993513
0.993125,0.989142
0.991956,0.993201
0.996452,0.993739
0.998042,0.99445
0.996848,0.998466
0.995598,0.991285
0.992678,0.993636
0.997752,0.995974
0.995509,0.993949